 -8.190734  0   0
 -7.099856  0   1
 -5.877633  0   2
 -5.687858  0   3
 -5.536265  0   4
 -5.395219  0   5
 -5.298654  0   6
 -5.239691  0   7
 -5.182596  0   8
 -5.126053  0   9
 -5.069797  0  10
 -5.039854  0  11
 -5.032995  0  12
 -5.004929  0  13
 -4.968427  0  14
 -4.959169  0  15
 -4.949027  0  16
 -4.928757  0  17
 -4.933459  0  18
 -4.930705  0  19
 -4.911875  0  20
 -4.926804  0  21
 -4.953160  0  22
 -4.944558  0  23
 -4.921089  0  24
 -4.919450  0  25
 -4.915999  0  26
 -4.866739  0  27
 -4.776122  0  28
 -4.685627  0  29
 -4.618557  0  30
 -4.566470  0  31
 -4.498611  0  32
 -4.431971  0  33
 -4.402701  0  34
 -4.374813  0  35
 -4.340287  0  36
 -4.302096  0  37
 -4.266809  0  38
 -4.226302  0  39
 -4.124871  0  40
 -4.019672  0  41
 -3.934676  0  42
 -3.776050  0  43
 -3.584941  0  44
 -3.418566  0  45
 -3.270528  0  46
 -3.156790  0  47
 -3.041394  0  48
 -2.904793  0  49
 -2.737850  0  50
 -2.633781  0  51
 -2.573962  0  52
 -2.426638  0  53
 -2.274799  0  54
 -2.117564  0  55
 -1.914488  0  56
 -1.768582  0  57
 -1.672122  0  58
 -1.461557  0  59
 -1.145704  0  60
 -0.966235  0  61
 -0.922560  0  62
 -0.931449  0  63
 -0.991553  0  64
 -0.940260  0  65
 -0.778772  0  66
 -0.714921  0  67
 -0.714921  0  68
 -0.703871  0  69
 -0.725850  0  70
 -0.610781  0  71
 -0.408754  0  72
 -0.452557  0  73
 -0.452557  0  74
 -0.347196  0  75
 -0.452557  0  76
 -0.521550  0  77
 -0.229413  0  78
  0.000000  0  79
  0.000000  0  80
  0.000000  0  81
  0.000000  0  82
  0.000000  0  83
  0.000000  0  84
  0.000000  0  85
  0.000000  0  86
  0.000000  0  87
  0.000000  0  88
  0.000000  0  89
  0.000000  0  90
  0.000000  0  91
  0.000000  0  92
  0.000000  0  93
  0.000000  0  94
  0.000000  0  95
  0.000000  0  96
  0.000000  0  97
  0.000000  0  98
  0.000000  0  99
  0.000000  0 100
 -8.444761  1   0
 -7.390641  1   1
 -6.266187  1   2
 -6.033488  1   3
 -5.849519  1   4
 -5.748089  1   5
 -5.647886  1   6
 -5.494491  1   7
 -5.352610  1   8
 -5.250707  1   9
 -5.151413  1  10
 -5.053115  1  11
 -4.951202  1  12
 -4.872255  1  13
 -4.822863  1  14
 -4.740131  1  15
 -4.633381  1  16
 -4.515424  1  17
 -4.420270  1  18
 -4.421990  1  19
 -4.406405  1  20
 -4.303562  1  21
 -4.231387  1  22
 -4.195404  1  23
 -4.088606  1  24
 -3.998319  1  25
 -4.000940  1  26
 -3.921988  1  27
 -3.742495  1  28
 -3.657638  1  29
 -3.604596  1  30
 -3.467165  1  31
 -3.353837  1  32
 -3.302544  1  33
 -3.149270  1  34
 -2.989993  1  35
 -3.045952  1  36
 -3.018364  1  37
 -2.774018  1  38
 -2.588119  1  39
 -2.660690  1  40
 -2.630230  1  41
 -2.424967  1  42
 -2.359585  1  43
 -2.437546  1  44
 -2.509867  1  45
 -2.412228  1  46
 -2.166393  1  47
 -1.987345  1  48
 -2.025811  1  49
 -2.115962  1  50
 -1.905667  1  51
 -1.313616  1  52
 -0.945891  1  53
 -1.274395  1  54
 -1.313616  1  55
 -1.100042  1  56
 -0.945891  1  57
 -0.540426  1  58
 -0.134961  1  59
 -0.252744  1  60
 -0.134961  1  61
 -0.134961  1  62
 -0.540426  1  63
 -0.620469  1  64
 -0.453415  1  65
 -0.134961  1  66
  0.000000  1  67
  0.000000  1  68
  0.000000  1  69
  0.000000  1  70
  0.000000  1  71
  0.000000  1  72
  0.000000  1  73
  0.000000  1  74
  0.000000  1  75
  0.000000  1  76
  0.000000  1  77
  0.000000  1  78
 -0.001430  1  79
  0.000000  1  80
  0.000000  1  81
  0.000000  1  82
  0.000000  1  83
  0.000000  1  84
  0.000000  1  85
  0.000000  1  86
  0.000000  1  87
  0.000000  1  88
  0.000000  1  89
  0.000000  1  90
  0.000000  1  91
  0.000000  1  92
  0.000000  1  93
  0.000000  1  94
  0.000000  1  95
  0.000000  1  96
  0.000000  1  97
  0.000000  1  98
  0.000000  1  99
  0.000000  1 100
 -6.648868  2   0
 -5.835934  2   1
 -5.225169  2   2
 -5.154748  2   3
 -5.116370  2   4
 -5.116557  2   5
 -5.137853  2   6
 -5.134365  2   7
 -5.121412  2   8
 -5.132709  2   9
 -5.168880  2  10
 -5.181938  2  11
 -5.165143  2  12
 -5.185962  2  13
 -5.233363  2  14
 -5.249878  2  15
 -5.260469  2  16
 -5.307482  2  17
 -5.363119  2  18
 -5.399173  2  19
 -5.416378  2  20
 -5.418317  2  21
 -5.416932  2  22
 -5.424939  2  23
 -5.437238  2  24
 -5.439273  2  25
 -5.444275  2  26
 -5.439408  2  27
 -5.402554  2  28
 -5.371857  2  29
 -5.346602  2  30
 -5.309336  2  31
 -5.282589  2  32
 -5.257547  2  33
 -5.209773  2  34
 -5.130866  2  35
 -5.081319  2  36
 -5.069618  2  37
 -5.023659  2  38
 -4.967696  2  39
 -4.925778  2  40
 -4.872993  2  41
 -4.826314  2  42
 -4.820543  2  43
 -4.797378  2  44
 -4.700651  2  45
 -4.606418  2  46
 -4.551970  2  47
 -4.495431  2  48
 -4.413063  2  49
 -4.314153  2  50
 -4.218718  2  51
 -4.085252  2  52
 -3.973162  2  53
 -3.937294  2  54
 -3.849563  2  55
 -3.714607  2  56
 -3.603739  2  57
 -3.437766  2  58
 -3.212614  2  59
 -3.032802  2  60
 -2.855580  2  61
 -2.596800  2  62
 -2.335133  2  63
 -2.070349  2  64
 -1.758762  2  65
 -1.488842  2  66
 -1.224363  2  67
 -0.987362  2  68
 -0.722670  2  69
 -0.270684  2  70
 -0.059375  2  71
 -0.339677  2  72
 -0.558367  2  73
 -0.610552  2  74
 -0.593458  2  75
 -0.558367  2  76
 -0.464841  2  77
 -0.464841  2  78
 -0.339677  2  79
  0.000000  2  80
  0.000000  2  81
  0.000000  2  82
  0.000000  2  83
  0.000000  2  84
  0.000000  2  85
  0.000000  2  86
  0.000000  2  87
  0.000000  2  88
  0.000000  2  89
  0.000000  2  90
  0.000000  2  91
  0.000000  2  92
  0.000000  2  93
  0.000000  2  94
  0.000000  2  95
  0.000000  2  96
  0.000000  2  97
  0.000000  2  98
  0.000000  2  99
  0.000000  2 100
 -6.105948  3   0
 -5.329594  3   1
 -4.797343  3   2
 -4.756402  3   3
 -4.743531  3   4
 -4.763003  3   5
 -4.781880  3   6
 -4.784992  3   7
 -4.798219  3   8
 -4.827357  3   9
 -4.878161  3  10
 -4.925737  3  11
 -4.956491  3  12
 -4.999129  3  13
 -5.041054  3  14
 -5.070674  3  15
 -5.107352  3  16
 -5.163008  3  17
 -5.204998  3  18
 -5.226634  3  19
 -5.267319  3  20
 -5.315071  3  21
 -5.344417  3  22
 -5.371693  3  23
 -5.413630  3  24
 -5.451488  3  25
 -5.459547  3  26
 -5.472129  3  27
 -5.512281  3  28
 -5.531400  3  29
 -5.514102  3  30
 -5.502366  3  31
 -5.507659  3  32
 -5.488515  3  33
 -5.444627  3  34
 -5.417646  3  35
 -5.407337  3  36
 -5.389795  3  37
 -5.349604  3  38
 -5.296749  3  39
 -5.248231  3  40
 -5.190161  3  41
 -5.149382  3  42
 -5.120449  3  43
 -5.045510  3  44
 -4.962084  3  45
 -4.911955  3  46
 -4.868000  3  47
 -4.802372  3  48
 -4.711088  3  49
 -4.615898  3  50
 -4.526614  3  51
 -4.425078  3  52
 -4.298068  3  53
 -4.168296  3  54
 -4.054770  3  55
 -3.941238  3  56
 -3.820160  3  57
 -3.708763  3  58
 -3.574488  3  59
 -3.410610  3  60
 -3.297422  3  61
 -3.219832  3  62
 -3.077466  3  63
 -2.847259  3  64
 -2.612102  3  65
 -2.412081  3  66
 -2.158724  3  67
 -1.814244  3  68
 -1.536612  3  69
 -1.334671  3  70
 -1.063174  3  71
 -0.814478  3  72
 -0.753853  3  73
 -0.802643  3  74
 -0.648493  3  75
 -0.449364  3  76
 -0.397178  3  77
 -0.221974  3  78
  0.000000  3  79
  0.000000  3  80
 -0.133027  3  81
 -0.379160  3  82
 -0.085398  3  83
  0.000000  3  84
  0.000000  3  85
  0.000000  3  86
  0.000000  3  87
  0.000000  3  88
  0.000000  3  89
  0.000000  3  90
  0.000000  3  91
  0.000000  3  92
  0.000000  3  93
  0.000000  3  94
  0.000000  3  95
  0.000000  3  96
  0.000000  3  97
  0.000000  3  98
  0.000000  3  99
  0.000000  3 100
 -8.253599  4   0
 -7.235666  4   1
 -6.193920  4   2
 -5.977271  4   3
 -5.809646  4   4
 -5.683936  4   5
 -5.578725  4   6
 -5.481745  4   7
 -5.402193  4   8
 -5.331478  4   9
 -5.252378  4  10
 -5.173260  4  11
 -5.084609  4  12
 -5.006729  4  13
 -4.956105  4  14
 -4.880561  4  15
 -4.792634  4  16
 -4.743478  4  17
 -4.687721  4  18
 -4.605100  4  19
 -4.548305  4  20
 -4.494030  4  21
 -4.422425  4  22
 -4.356117  4  23
 -4.290558  4  24
 -4.234573  4  25
 -4.180008  4  26
 -4.166403  4  27
 -4.152609  4  28
 -4.073897  4  29
 -4.037947  4  30
 -4.029343  4  31
 -3.991723  4  32
 -3.938969  4  33
 -3.870468  4  34
 -3.831983  4  35
 -3.788966  4  36
 -3.722894  4  37
 -3.687040  4  38
 -3.690354  4  39
 -3.708923  4  40
 -3.688146  4  41
 -3.600431  4  42
 -3.470512  4  43
 -3.379998  4  44
 -3.361788  4  45
 -3.287091  4  46
 -3.154973  4  47
 -3.092817  4  48
 -3.088801  4  49
 -3.112659  4  50
 -3.080720  4  51
 -2.913297  4  52
 -2.766315  4  53
 -2.743842  4  54
 -2.676269  4  55
 -2.556965  4  56
 -2.482330  4  57
 -2.385543  4  58
 -2.236797  4  59
 -2.089697  4  60
 -2.044997  4  61
 -2.016010  4  62
 -1.828971  4  63
 -1.607599  4  64
 -1.380021  4  65
 -1.128706  4  66
 -0.923262  4  67
 -0.831455  4  68
 -0.957749  4  69
 -0.792234  4  70
 -0.281408  4  71
 -0.176048  4  72
 -0.138308  4  73
  0.000000  4  74
  0.000000  4  75
  0.000000  4  76
  0.000000  4  77
  0.000000  4  78
  0.000000  4  79
  0.000000  4  80
  0.000000  4  81
  0.000000  4  82
  0.000000  4  83
  0.000000  4  84
  0.000000  4  85
  0.000000  4  86
  0.000000  4  87
  0.000000  4  88
  0.000000  4  89
  0.000000  4  90
  0.000000  4  91
  0.000000  4  92
  0.000000  4  93
  0.000000  4  94
  0.000000  4  95
  0.000000  4  96
  0.000000  4  97
  0.000000  4  98
  0.000000  4  99
  0.000000  4 100
 -7.885852  5   0
 -6.838645  5   1
 -5.785969  5   2
 -5.680291  5   3
 -5.603298  5   4
 -5.546722  5   5
 -5.507703  5   6
 -5.473187  5   7
 -5.454479  5   8
 -5.444601  5   9
 -5.431353  5  10
 -5.411722  5  11
 -5.394164  5  12
 -5.371145  5  13
 -5.349670  5  14
 -5.337082  5  15
 -5.298080  5  16
 -5.246814  5  17
 -5.218553  5  18
 -5.201206  5  19
 -5.182103  5  20
 -5.139594  5  21
 -5.093772  5  22
 -5.070536  5  23
 -5.027638  5  24
 -4.966580  5  25
 -4.915466  5  26
 -4.876866  5  27
 -4.846703  5  28
 -4.833228  5  29
 -4.822274  5  30
 -4.793604  5  31
 -4.764088  5  32
 -4.728438  5  33
 -4.663367  5  34
 -4.572651  5  35
 -4.462805  5  36
 -4.321031  5  37
 -4.170647  5  38
 -4.040073  5  39
 -3.920528  5  40
 -3.800438  5  41
 -3.675121  5  42
 -3.559381  5  43
 -3.435148  5  44
 -3.241111  5  45
 -3.005261  5  46
 -2.811105  5  47
 -2.595310  5  48
 -2.317216  5  49
 -2.083199  5  50
 -1.904088  5  51
 -1.666416  5  52
 -1.406001  5  53
 -1.360686  5  54
 -1.399652  5  55
 -1.248681  5  56
 -1.043887  5  57
 -0.978135  5  58
 -1.052936  5  59
 -1.096996  5  60
 -0.897283  5  61
 -0.737855  5  62
 -1.025537  5  63
 -1.163688  5  64
 -0.968379  5  65
 -0.897283  5  66
 -0.876006  5  67
 -0.725433  5  68
 -0.712854  5  69
 -0.633866  5  70
 -0.368758  5  71
 -0.172048  5  72
 -0.127596  5  73
 -0.056978  5  74
  0.000000  5  75
  0.000000  5  76
  0.000000  5  77
  0.000000  5  78
  0.000000  5  79
  0.000000  5  80
  0.000000  5  81
  0.000000  5  82
  0.000000  5  83
  0.000000  5  84
  0.000000  5  85
  0.000000  5  86
  0.000000  5  87
  0.000000  5  88
  0.000000  5  89
  0.000000  5  90
  0.000000  5  91
  0.000000  5  92
  0.000000  5  93
  0.000000  5  94
  0.000000  5  95
  0.000000  5  96
  0.000000  5  97
  0.000000  5  98
  0.000000  5  99
  0.000000  5 100
 -7.207987  6   0
 -6.372830  6   1
 -5.734216  6   2
 -5.625973  6   3
 -5.539116  6   4
 -5.493976  6   5
 -5.479012  6   6
 -5.450420  6   7
 -5.397083  6   8
 -5.384193  6   9
 -5.388149  6  10
 -5.371500  6  11
 -5.389584  6  12
 -5.415762  6  13
 -5.391017  6  14
 -5.338857  6  15
 -5.306280  6  16
 -5.285815  6  17
 -5.271398  6  18
 -5.273010  6  19
 -5.239844  6  20
 -5.181559  6  21
 -5.163749  6  22
 -5.152000  6  23
 -5.115430  6  24
 -5.085277  6  25
 -5.052682  6  26
 -5.011692  6  27
 -4.999061  6  28
 -4.979269  6  29
 -4.946875  6  30
 -4.911086  6  31
 -4.880549  6  32
 -4.904703  6  33
 -4.912242  6  34
 -4.860066  6  35
 -4.803731  6  36
 -4.748124  6  37
 -4.665128  6  38
 -4.606489  6  39
 -4.581875  6  40
 -4.553336  6  41
 -4.517979  6  42
 -4.468803  6  43
 -4.418031  6  44
 -4.326879  6  45
 -4.235709  6  46
 -4.211556  6  47
 -4.192754  6  48
 -4.135386  6  49
 -4.046088  6  50
 -3.971980  6  51
 -3.870884  6  52
 -3.789067  6  53
 -3.763886  6  54
 -3.654266  6  55
 -3.528832  6  56
 -3.434673  6  57
 -3.269918  6  58
 -3.046774  6  59
 -2.826425  6  60
 -2.702811  6  61
 -2.631937  6  62
 -2.499212  6  63
 -2.299974  6  64
 -2.009664  6  65
 -1.812496  6  66
 -1.732453  6  67
 -1.630175  6  68
 -1.704282  6  69
 -1.645442  6  70
 -1.326988  6  71
 -1.193457  6  72
 -1.262450  6  73
 -1.262450  6  74
 -1.169359  6  75
 -1.093373  6  76
 -1.144667  6  77
 -1.039306  6  78
 -0.751624  6  79
 -0.546830  6  80
 -0.400226  6  81
 -0.289001  6  82
 -0.020737  6  83
  0.000000  6  84
  0.000000  6  85
  0.000000  6  86
  0.000000  6  87
  0.000000  6  88
  0.000000  6  89
  0.000000  6  90
  0.000000  6  91
  0.000000  6  92
  0.000000  6  93
  0.000000  6  94
  0.000000  6  95
  0.000000  6  96
  0.000000  6  97
  0.000000  6  98
  0.000000  6  99
  0.000000  6 100
 -8.398277  7   0
 -7.311413  7   1
 -6.075567  7   2
 -5.860301  7   3
 -5.705304  7   4
 -5.562755  7   5
 -5.451494  7   6
 -5.367751  7   7
 -5.285717  7   8
 -5.194271  7   9
 -5.109948  7  10
 -5.037491  7  11
 -4.957836  7  12
 -4.893049  7  13
 -4.839943  7  14
 -4.776786  7  15
 -4.710774  7  16
 -4.675623  7  17
 -4.661563  7  18
 -4.613215  7  19
 -4.539012  7  20
 -4.473205  7  21
 -4.411890  7  22
 -4.366578  7  23
 -4.336004  7  24
 -4.315785  7  25
 -4.283162  7  26
 -4.233273  7  27
 -4.221891  7  28
 -4.199668  7  29
 -4.136875  7  30
 -4.088359  7  31
 -4.037919  7  32
 -3.958931  7  33
 -3.877696  7  34
 -3.811606  7  35
 -3.757002  7  36
 -3.703097  7  37
 -3.630526  7  38
 -3.530573  7  39
 -3.454636  7  40
 -3.404069  7  41
 -3.323075  7  42
 -3.201206  7  43
 -3.086911  7  44
 -3.038761  7  45
 -2.899448  7  46
 -2.675015  7  47
 -2.594434  7  48
 -2.573232  7  49
 -2.486221  7  50
 -2.350089  7  51
 -2.282370  7  52
 -2.282370  7  53
 -2.307529  7  54
 -2.319875  7  55
 -2.213150  7  56
 -2.009441  7  57
 -1.846183  7  58
 -1.785251  7  59
 -1.644965  7  60
 -1.392790  7  61
 -1.312101  7  62
 -1.320469  7  63
 -1.186938  7  64
 -0.951818  7  65
 -0.558329  7  66
 -0.088325  7  67
  0.000000  7  68
 -0.088325  7  69
 -0.059338  7  70
  0.000000  7  71
  0.000000  7  72
  0.000000  7  73
  0.000000  7  74
  0.000000  7  75
 -0.059338  7  76
  0.000000  7  77
  0.000000  7  78
  0.000000  7  79
  0.000000  7  80
  0.000000  7  81
  0.000000  7  82
  0.000000  7  83
  0.000000  7  84
  0.000000  7  85
  0.000000  7  86
  0.000000  7  87
  0.000000  7  88
  0.000000  7  89
  0.000000  7  90
  0.000000  7  91
  0.000000  7  92
  0.000000  7  93
  0.000000  7  94
  0.000000  7  95
  0.000000  7  96
  0.000000  7  97
  0.000000  7  98
  0.000000  7  99
  0.000000  7 100
 -5.278793  8   0
 -4.598776  8   1
 -4.217670  8   2
 -4.242965  8   3
 -4.311412  8   4
 -4.398282  8   5
 -4.454231  8   6
 -4.482861  8   7
 -4.551878  8   8
 -4.656871  8   9
 -4.744208  8  10
 -4.831861  8  11
 -4.928362  8  12
 -4.997538  8  13
 -5.039973  8  14
 -5.093178  8  15
 -5.166315  8  16
 -5.224985  8  17
 -5.252996  8  18
 -5.287619  8  19
 -5.330924  8  20
 -5.368608  8  21
 -5.397936  8  22
 -5.403785  8  23
 -5.409459  8  24
 -5.430454  8  25
 -5.459797  8  26
 -5.494039  8  27
 -5.506440  8  28
 -5.491437  8  29
 -5.476867  8  30
 -5.485031  8  31
 -5.506054  8  32
 -5.513730  8  33
 -5.495598  8  34
 -5.461007  8  35
 -5.445301  8  36
 -5.440377  8  37
 -5.429899  8  38
 -5.413271  8  39
 -5.373458  8  40
 -5.333674  8  41
 -5.299531  8  42
 -5.244358  8  43
 -5.178506  8  44
 -5.117714  8  45
 -5.051166  8  46
 -4.992399  8  47
 -4.954114  8  48
 -4.896273  8  49
 -4.809176  8  50
 -4.728961  8  51
 -4.652659  8  52
 -4.554542  8  53
 -4.455700  8  54
 -4.356196  8  55
 -4.235672  8  56
 -4.117317  8  57
 -4.007484  8  58
 -3.877558  8  59
 -3.705913  8  60
 -3.562453  8  61
 -3.457591  8  62
 -3.296945  8  63
 -3.098351  8  64
 -2.871993  8  65
 -2.637153  8  66
 -2.459346  8  67
 -2.249626  8  68
 -1.996882  8  69
 -1.782285  8  70
 -1.515657  8  71
 -1.237191  8  72
 -1.067632  8  73
 -0.876577  8  74
 -0.765351  8  75
 -0.889649  8  76
 -0.849908  8  77
 -0.457866  8  78
 -0.156761  8  79
 -0.234723  8  80
 -0.156761  8  81
 -0.101191  8  82
 -0.183430  8  83
 -0.042351  8  84
  0.000000  8  85
  0.000000  8  86
  0.000000  8  87
  0.000000  8  88
  0.000000  8  89
  0.000000  8  90
  0.000000  8  91
  0.000000  8  92
  0.000000  8  93
  0.000000  8  94
  0.000000  8  95
  0.000000  8  96
  0.000000  8  97
  0.000000  8  98
  0.000000  8  99
  0.000000  8 100
 -8.300437  9   0
 -7.225144  9   1
 -6.046956  9   2
 -5.861128  9   3
 -5.734949  9   4
 -5.621177  9   5
 -5.500248  9   6
 -5.405071  9   7
 -5.346802  9   8
 -5.288031  9   9
 -5.208536  9  10
 -5.131164  9  11
 -5.071523  9  12
 -5.009379  9  13
 -4.946937  9  14
 -4.891340  9  15
 -4.837649  9  16
 -4.789876  9  17
 -4.727737  9  18
 -4.655479  9  19
 -4.626063  9  20
 -4.615682  9  21
 -4.564699  9  22
 -4.498895  9  23
 -4.442764  9  24
 -4.404842  9  25
 -4.403201  9  26
 -4.354645  9  27
 -4.270139  9  28
 -4.244071  9  29
 -4.213343  9  30
 -4.170450  9  31
 -4.149806  9  32
 -4.113483  9  33
 -4.059050  9  34
 -4.005682  9  35
 -3.956298  9  36
 -3.872948  9  37
 -3.771920  9  38
 -3.702990  9  39
 -3.631496  9  40
 -3.551199  9  41
 -3.463888  9  42
 -3.380036  9  43
 -3.287073  9  44
 -3.183780  9  45
 -3.135784  9  46
 -3.065898  9  47
 -2.950458  9  48
 -2.879816  9  49
 -2.827899  9  50
 -2.759878  9  51
 -2.656403  9  52
 -2.548497  9  53
 -2.460804  9  54
 -2.337276  9  55
 -2.256307  9  56
 -2.223651  9  57
 -2.107164  9  58
 -1.951069  9  59
 -1.820259  9  60
 -1.722461  9  61
 -1.632956  9  62
 -1.546965  9  63
 -1.452879  9  64
 -1.163701  9  65
 -0.773095  9  66
 -0.556567  9  67
 -0.363195  9  68
 -0.156581  9  69
 -0.071059  9  70
 -0.106150  9  71
 -0.034691  9  72
  0.000000  9  73
  0.000000  9  74
  0.000000  9  75
  0.000000  9  76
  0.000000  9  77
  0.000000  9  78
  0.000000  9  79
  0.000000  9  80
  0.000000  9  81
  0.000000  9  82
  0.000000  9  83
  0.000000  9  84
  0.000000  9  85
  0.000000  9  86
  0.000000  9  87
  0.000000  9  88
  0.000000  9  89
  0.000000  9  90
  0.000000  9  91
  0.000000  9  92
  0.000000  9  93
  0.000000  9  94
  0.000000  9  95
  0.000000  9  96
  0.000000  9  97
  0.000000  9  98
  0.000000  9  99
  0.000000  9 100
 -8.205502 10   0
 -7.104887 10   1
 -5.859262 10   2
 -5.715759 10   3
 -5.592061 10   4
 -5.424642 10   5
 -5.314895 10   6
 -5.311180 10   7
 -5.285331 10   8
 -5.213528 10   9
 -5.166114 10  10
 -5.137434 10  11
 -5.125984 10  12
 -5.092148 10  13
 -5.041934 10  14
 -4.993457 10  15
 -4.917606 10  16
 -4.831239 10  17
 -4.753556 10  18
 -4.711844 10  19
 -4.706019 10  20
 -4.701138 10  21
 -4.668316 10  22
 -4.630186 10  23
 -4.604653 10  24
 -4.590545 10  25
 -4.571791 10  26
 -4.510958 10  27
 -4.482144 10  28
 -4.496655 10  29
 -4.478484 10  30
 -4.415411 10  31
 -4.274411 10  32
 -4.138092 10  33
 -4.110215 10  34
 -4.125991 10  35
 -4.161862 10  36
 -4.176850 10  37
 -4.163538 10  38
 -4.134649 10  39
 -4.063190 10  40
 -3.934936 10  41
 -3.842359 10  42
 -3.865191 10  43
 -3.869696 10  44
 -3.768073 10  45
 -3.638089 10  46
 -3.623824 10  47
 -3.600567 10  48
 -3.514625 10  49
 -3.501721 10  50
 -3.413528 10  51
 -3.214039 10  52
 -3.132914 10  53
 -3.142259 10  54
 -3.113956 10  55
 -3.049736 10  56
 -2.895585 10  57
 -2.775568 10  58
 -2.748355 10  59
 -2.567412 10  60
 -2.453753 10  61
 -2.559113 10  62
 -2.559113 10  63
 -2.416012 10  64
 -2.271431 10  65
 -2.237529 10  66
 -2.178341 10  67
 -1.976314 10  68
 -1.703447 10  69
 -1.642822 10  70
 -1.778955 10  71
 -1.703447 10  72
 -1.532821 10  73
 -1.509291 10  74
 -1.532821 10  75
 -1.600263 10  76
 -1.555811 10  77
 -1.485193 10  78
 -1.435183 10  79
 -1.268129 10  80
 -1.355140 10  81
 -1.435183 10  82
 -0.990497 10  83
 -0.256528 10  84
 -0.479672 10  85
 -0.816144 10  86
 -0.604835 10  87
  0.000000 10  88
  0.000000 10  89
  0.000000 10  90
  0.000000 10  91
  0.000000 10  92
  0.000000 10  93
  0.000000 10  94
  0.000000 10  95
  0.000000 10  96
  0.000000 10  97
  0.000000 10  98
  0.000000 10  99
  0.000000 10 100
 -6.998225 11   0
 -6.116454 11   1
 -5.388748 11   2
 -5.300155 11   3
 -5.240570 11   4
 -5.195624 11   5
 -5.193964 11   6
 -5.197045 11   7
 -5.181063 11   8
 -5.181544 11   9
 -5.201766 11  10
 -5.214404 11  11
 -5.216959 11  12
 -5.216495 11  13
 -5.227573 11  14
 -5.253625 11  15
 -5.262751 11  16
 -5.244414 11  17
 -5.229865 11  18
 -5.256304 11  19
 -5.311826 11  20
 -5.325238 11  21
 -5.303989 11  22
 -5.300795 11  23
 -5.297376 11  24
 -5.306750 11  25
 -5.341549 11  26
 -5.346655 11  27
 -5.321275 11  28
 -5.305689 11  29
 -5.268275 11  30
 -5.213473 11  31
 -5.188251 11  32
 -5.142583 11  33
 -5.068167 11  34
 -5.026392 11  35
 -4.997635 11  36
 -4.963554 11  37
 -4.930127 11  38
 -4.881692 11  39
 -4.843003 11  40
 -4.824629 11  41
 -4.780037 11  42
 -4.719345 11  43
 -4.674078 11  44
 -4.623309 11  45
 -4.555995 11  46
 -4.503424 11  47
 -4.457400 11  48
 -4.347457 11  49
 -4.258985 11  50
 -4.248043 11  51
 -4.181710 11  52
 -4.054411 11  53
 -3.948061 11  54
 -3.858345 11  55
 -3.713925 11  56
 -3.532645 11  57
 -3.409064 11  58
 -3.320380 11  59
 -3.137749 11  60
 -2.856847 11  61
 -2.587826 11  62
 -2.341095 11  63
 -2.115892 11  64
 -1.858669 11  65
 -1.539381 11  66
 -1.242483 11  67
 -0.925571 11  68
 -0.676675 11  69
 -0.561606 11  70
 -0.403382 11  71
 -0.374394 11  72
 -0.458951 11  73
 -0.344541 11  74
 -0.143870 11  75
 -0.215329 11  76
 -0.143870 11  77
 -0.026087 11  78
 -0.215329 11  79
 -0.106130 11  80
  0.000000 11  81
  0.000000 11  82
  0.000000 11  83
  0.000000 11  84
  0.000000 11  85
  0.000000 11  86
  0.000000 11  87
  0.000000 11  88
  0.000000 11  89
  0.000000 11  90
  0.000000 11  91
  0.000000 11  92
  0.000000 11  93
  0.000000 11  94
  0.000000 11  95
  0.000000 11  96
  0.000000 11  97
  0.000000 11  98
  0.000000 11  99
  0.000000 11 100
 -7.198071 12   0
 -6.290209 12   1
 -5.528495 12   2
 -5.418921 12   3
 -5.341147 12   4
 -5.288566 12   5
 -5.256392 12   6
 -5.231133 12   7
 -5.198580 12   8
 -5.181784 12   9
 -5.186965 12  10
 -5.193012 12  11
 -5.187414 12  12
 -5.179749 12  13
 -5.185166 12  14
 -5.184490 12  15
 -5.176122 12  16
 -5.166766 12  17
 -5.162631 12  18
 -5.177484 12  19
 -5.182687 12  20
 -5.171569 12  21
 -5.182687 12  22
 -5.209842 12  23
 -5.210939 12  24
 -5.189657 12  25
 -5.175895 12  26
 -5.161480 12  27
 -5.144278 12  28
 -5.143809 12  29
 -5.138163 12  30
 -5.118629 12  31
 -5.121752 12  32
 -5.127252 12  33
 -5.099442 12  34
 -5.067298 12  35
 -5.045539 12  36
 -5.034086 12  37
 -5.040349 12  38
 -5.008903 12  39
 -4.931920 12  40
 -4.866318 12  41
 -4.826527 12  42
 -4.792448 12  43
 -4.733759 12  44
 -4.672913 12  45
 -4.603706 12  46
 -4.538845 12  47
 -4.459769 12  48
 -4.325639 12  49
 -4.222698 12  50
 -4.109911 12  51
 -3.954660 12  52
 -3.849984 12  53
 -3.760559 12  54
 -3.614793 12  55
 -3.427263 12  56
 -3.233386 12  57
 -3.073939 12  58
 -2.938813 12  59
 -2.718326 12  60
 -2.473056 12  61
 -2.299509 12  62
 -2.094348 12  63
 -1.950866 12  64
 -1.854985 12  65
 -1.598265 12  66
 -1.391251 12  67
 -1.430471 12  68
 -1.339957 12  69
 -1.204921 12  70
 -1.204921 12  71
 -1.155528 12  72
 -1.240428 12  73
 -1.296940 12  74
 -1.116814 12  75
 -0.960468 12  76
 -1.034576 12  77
 -0.990773 12  78
 -0.547281 12  79
 -0.081917 12  80
 -0.004956 12  81
  0.000000 12  82
  0.000000 12  83
  0.000000 12  84
  0.000000 12  85
  0.000000 12  86
  0.000000 12  87
  0.000000 12  88
  0.000000 12  89
  0.000000 12  90
  0.000000 12  91
  0.000000 12  92
  0.000000 12  93
  0.000000 12  94
  0.000000 12  95
  0.000000 12  96
  0.000000 12  97
  0.000000 12  98
  0.000000 12  99
  0.000000 12 100
 -6.642739 13   0
 -5.788548 13   1
 -5.101218 13   2
 -5.025636 13   3
 -5.008601 13   4
 -5.025323 13   5
 -5.057649 13   6
 -5.061277 13   7
 -5.065494 13   8
 -5.097440 13   9
 -5.115615 13  10
 -5.126985 13  11
 -5.133184 13  12
 -5.124154 13  13
 -5.135148 13  14
 -5.177147 13  15
 -5.216161 13  16
 -5.233588 13  17
 -5.260658 13  18
 -5.302547 13  19
 -5.305625 13  20
 -5.280247 13  21
 -5.304679 13  22
 -5.345709 13  23
 -5.359693 13  24
 -5.373704 13  25
 -5.385559 13  26
 -5.393385 13  27
 -5.395548 13  28
 -5.416926 13  29
 -5.452250 13  30
 -5.449797 13  31
 -5.427027 13  32
 -5.398784 13  33
 -5.356327 13  34
 -5.317143 13  35
 -5.284361 13  36
 -5.240172 13  37
 -5.179832 13  38
 -5.132341 13  39
 -5.087787 13  40
 -5.013679 13  41
 -4.931233 13  42
 -4.846625 13  43
 -4.778113 13  44
 -4.752959 13  45
 -4.683644 13  46
 -4.555570 13  47
 -4.468832 13  48
 -4.411545 13  49
 -4.330924 13  50
 -4.233607 13  51
 -4.154599 13  52
 -4.094535 13  53
 -3.986526 13  54
 -3.797284 13  55
 -3.618801 13  56
 -3.509601 13  57
 -3.395018 13  58
 -3.260117 13  59
 -3.114763 13  60
 -2.962021 13  61
 -2.813601 13  62
 -2.682516 13  63
 -2.481121 13  64
 -2.243935 13  65
 -2.186777 13  66
 -2.037072 13  67
 -1.637799 13  68
 -1.218348 13  69
 -0.847488 13  70
 -0.693338 13  71
 -0.693338 13  72
 -0.669240 13  73
 -0.669240 13  74
 -0.511016 13  75
 -0.356865 13  76
 -0.356865 13  77
 -0.452176 13  78
 -0.356865 13  79
 -0.213765 13  80
 -0.482029 13  81
 -0.482029 13  82
 -0.000190 13  83
  0.000000 13  84
  0.000000 13  85
  0.000000 13  86
  0.000000 13  87
  0.000000 13  88
  0.000000 13  89
  0.000000 13  90
  0.000000 13  91
  0.000000 13  92
  0.000000 13  93
  0.000000 13  94
  0.000000 13  95
  0.000000 13  96
  0.000000 13  97
  0.000000 13  98
  0.000000 13  99
  0.000000 13 100
 -6.130797 14   0
 -5.417435 14   1
 -4.988366 14   2
 -4.991257 14   3
 -4.988849 14   4
 -5.000595 14   5
 -5.019014 14   6
 -5.035029 14   7
 -5.079391 14   8
 -5.124187 14   9
 -5.157126 14  10
 -5.175902 14  11
 -5.199227 14  12
 -5.253603 14  13
 -5.283500 14  14
 -5.294928 14  15
 -5.321732 14  16
 -5.346488 14  17
 -5.374752 14  18
 -5.399045 14  19
 -5.413973 14  20
 -5.427594 14  21
 -5.440417 14  22
 -5.453988 14  23
 -5.452169 14  24
 -5.422762 14  25
 -5.394073 14  26
 -5.396321 14  27
 -5.401123 14  28
 -5.380148 14  29
 -5.347668 14  30
 -5.336148 14  31
 -5.335977 14  32
 -5.313923 14  33
 -5.290836 14  34
 -5.266656 14  35
 -5.218003 14  36
 -5.175902 14  37
 -5.146061 14  38
 -5.113600 14  39
 -5.077406 14  40
 -5.019248 14  41
 -4.954007 14  42
 -4.902517 14  43
 -4.846286 14  44
 -4.764318 14  45
 -4.679636 14  46
 -4.630139 14  47
 -4.583866 14  48
 -4.483954 14  49
 -4.354466 14  50
 -4.256105 14  51
 -4.174053 14  52
 -4.107042 14  53
 -4.050124 14  54
 -3.964568 14  55
 -3.883462 14  56
 -3.801536 14  57
 -3.703613 14  58
 -3.595051 14  59
 -3.459991 14  60
 -3.393300 14  61
 -3.318002 14  62
 -3.117047 14  63
 -2.953974 14  64
 -2.883267 14  65
 -2.772391 14  66
 -2.604129 14  67
 -2.423899 14  68
 -2.196043 14  69
 -1.905732 14  70
 -1.733882 14  71
 -1.689146 14  72
 -1.446200 14  73
 -1.089525 14  74
 -0.848363 14  75
 -0.570731 14  76
 -0.529909 14  77
 -0.442898 14  78
 -0.185069 14  79
 -0.059906 14  80
  0.000000 14  81
  0.000000 14  82
  0.000000 14  83
  0.000000 14  84
  0.000000 14  85
  0.000000 14  86
  0.000000 14  87
  0.000000 14  88
  0.000000 14  89
  0.000000 14  90
  0.000000 14  91
  0.000000 14  92
  0.000000 14  93
  0.000000 14  94
  0.000000 14  95
  0.000000 14  96
  0.000000 14  97
  0.000000 14  98
  0.000000 14  99
  0.000000 14 100
 -7.555125 15   0
 -6.588940 15   1
 -5.705878 15   2
 -5.582818 15   3
 -5.499205 15   4
 -5.452254 15   5
 -5.421495 15   6
 -5.387794 15   7
 -5.349276 15   8
 -5.305103 15   9
 -5.286157 15  10
 -5.287245 15  11
 -5.282106 15  12
 -5.277254 15  13
 -5.277254 15  14
 -5.280856 15  15
 -5.294210 15  16
 -5.314518 15  17
 -5.306170 15  18
 -5.277882 15  19
 -5.285846 15  20
 -5.305103 15  21
 -5.298059 15  22
 -5.294827 15  23
 -5.284601 15  24
 -5.241154 15  25
 -5.181159 15  26
 -5.119908 15  27
 -5.071183 15  28
 -5.025222 15  29
 -4.969820 15  30
 -4.907767 15  31
 -4.833328 15  32
 -4.765277 15  33
 -4.731737 15  34
 -4.713433 15  35
 -4.673495 15  36
 -4.631896 15  37
 -4.588803 15  38
 -4.531277 15  39
 -4.499688 15  40
 -4.446758 15  41
 -4.341718 15  42
 -4.264869 15  43
 -4.199293 15  44
 -4.064773 15  45
 -3.909303 15  46
 -3.806882 15  47
 -3.713958 15  48
 -3.617299 15  49
 -3.501062 15  50
 -3.359955 15  51
 -3.251863 15  52
 -3.131997 15  53
 -2.967742 15  54
 -2.818058 15  55
 -2.701421 15  56
 -2.523625 15  57
 -2.282463 15  58
 -2.077953 15  59
 -1.878564 15  60
 -1.715769 15  61
 -1.573518 15  62
 -1.377084 15  63
 -1.217752 15  64
 -1.132392 15  65
 -1.122442 15  66
 -1.102239 15  67
 -1.171232 15  68
 -1.244660 15  69
 -1.039060 15  70
 -0.886720 15  71
 -1.017081 15  72
 -1.132392 15  73
 -1.180711 15  74
 -1.091983 15  75
 -0.873981 15  76
 -0.644406 15  77
 -0.577715 15  78
 -0.468516 15  79
  0.000000 15  80
  0.000000 15  81
  0.000000 15  82
  0.000000 15  83
  0.000000 15  84
  0.000000 15  85
  0.000000 15  86
  0.000000 15  87
  0.000000 15  88
  0.000000 15  89
  0.000000 15  90
  0.000000 15  91
  0.000000 15  92
  0.000000 15  93
  0.000000 15  94
  0.000000 15  95
  0.000000 15  96
  0.000000 15  97
  0.000000 15  98
  0.000000 15  99
  0.000000 15 100
 -7.596393 16   0
 -6.614928 16   1
 -5.700746 16   2
 -5.577055 16   3
 -5.498955 16   4
 -5.449076 16   5
 -5.407118 16   6
 -5.351023 16   7
 -5.327771 16   8
 -5.340683 16   9
 -5.327278 16  10
 -5.281134 16  11
 -5.233842 16  12
 -5.208774 16  13
 -5.210441 16  14
 -5.215423 16  15
 -5.221295 16  16
 -5.239069 16  17
 -5.235287 16  18
 -5.224219 16  19
 -5.229496 16  20
 -5.223123 16  21
 -5.216159 16  22
 -5.232576 16  23
 -5.249619 16  24
 -5.246055 16  25
 -5.237810 16  26
 -5.239608 16  27
 -5.218547 16  28
 -5.167929 16  29
 -5.128963 16  30
 -5.081286 16  31
 -4.987112 16  32
 -4.877219 16  33
 -4.813815 16  34
 -4.764200 16  35
 -4.669381 16  36
 -4.575500 16  37
 -4.474589 16  38
 -4.363204 16  39
 -4.306833 16  40
 -4.253856 16  41
 -4.170034 16  42
 -4.098420 16  43
 -4.038147 16  44
 -3.984777 16  45
 -3.925726 16  46
 -3.845739 16  47
 -3.760372 16  48
 -3.687598 16  49
 -3.591524 16  50
 -3.406397 16  51
 -3.240568 16  52
 -3.150417 16  53
 -3.026994 16  54
 -2.874757 16  55
 -2.695109 16  56
 -2.509579 16  57
 -2.383497 16  58
 -2.242797 16  59
 -2.026822 16  60
 -1.824662 16  61
 -1.715042 16  62
 -1.505525 16  63
 -1.126035 16  64
 -1.057827 16  65
 -0.984624 16  66
 -0.675619 16  67
 -0.547002 16  68
 -0.527199 16  69
 -0.622509 16  70
 -0.758311 16  71
 -0.726050 16  72
 -0.566420 16  73
 -0.506996 16  74
 -0.506996 16  75
 -0.443817 16  76
 -0.304055 16  77
 -0.141536 16  78
 -0.080912 16  79
  0.000000 16  80
  0.000000 16  81
  0.000000 16  82
  0.000000 16  83
  0.000000 16  84
  0.000000 16  85
  0.000000 16  86
  0.000000 16  87
  0.000000 16  88
  0.000000 16  89
  0.000000 16  90
  0.000000 16  91
  0.000000 16  92
  0.000000 16  93
  0.000000 16  94
  0.000000 16  95
  0.000000 16  96
  0.000000 16  97
  0.000000 16  98
  0.000000 16  99
  0.000000 16 100
 -8.363994 17   0
 -7.273274 17   1
 -6.033797 17   2
 -5.815468 17   3
 -5.655263 17   4
 -5.538529 17   5
 -5.446922 17   6
 -5.355961 17   7
 -5.268189 17   8
 -5.188247 17   9
 -5.121621 17  10
 -5.063181 17  11
 -5.007757 17  12
 -4.958644 17  13
 -4.907573 17  14
 -4.859023 17  15
 -4.808209 17  16
 -4.762722 17  17
 -4.737923 17  18
 -4.700955 17  19
 -4.629286 17  20
 -4.566273 17  21
 -4.550154 17  22
 -4.542413 17  23
 -4.508827 17  24
 -4.456688 17  25
 -4.404869 17  26
 -4.355250 17  27
 -4.330173 17  28
 -4.320171 17  29
 -4.249816 17  30
 -4.146478 17  31
 -4.094859 17  32
 -4.056801 17  33
 -3.993975 17  34
 -3.949785 17  35
 -3.871498 17  36
 -3.711085 17  37
 -3.589950 17  38
 -3.552569 17  39
 -3.502808 17  40
 -3.400408 17  41
 -3.289234 17  42
 -3.221905 17  43
 -3.177265 17  44
 -3.140736 17  45
 -3.076723 17  46
 -2.967617 17  47
 -2.855681 17  48
 -2.761420 17  49
 -2.671859 17  50
 -2.561481 17  51
 -2.446461 17  52
 -2.319038 17  53
 -2.205093 17  54
 -2.127442 17  55
 -1.991246 17  56
 -1.829354 17  57
 -1.671011 17  58
 -1.482790 17  59
 -1.301651 17  60
 -1.089089 17  61
 -0.906768 17  62
 -0.917239 17  63
 -0.927602 17  64
 -0.601386 17  65
 -0.041770 17  66
  0.000000 17  67
 -0.090561 17  68
 -0.114091 17  69
 -0.203039 17  70
 -0.137081 17  71
  0.000000 17  72
  0.000000 17  73
  0.000000 17  74
  0.000000 17  75
  0.000000 17  76
  0.000000 17  77
  0.000000 17  78
  0.000000 17  79
  0.000000 17  80
  0.000000 17  81
  0.000000 17  82
  0.000000 17  83
  0.000000 17  84
  0.000000 17  85
  0.000000 17  86
  0.000000 17  87
  0.000000 17  88
  0.000000 17  89
  0.000000 17  90
  0.000000 17  91
  0.000000 17  92
  0.000000 17  93
  0.000000 17  94
  0.000000 17  95
  0.000000 17  96
  0.000000 17  97
  0.000000 17  98
  0.000000 17  99
  0.000000 17 100
 -7.861330 18   0
 -6.982532 18   1
 -6.235185 18   2
 -6.089548 18   3
 -6.005546 18   4
 -5.938156 18   5
 -5.838607 18   6
 -5.736771 18   7
 -5.654415 18   8
 -5.596595 18   9
 -5.542290 18  10
 -5.449089 18  11
 -5.340781 18  12
 -5.271392 18  13
 -5.170927 18  14
 -5.067347 18  15
 -5.073793 18  16
 -5.063297 18  17
 -4.970661 18  18
 -4.867574 18  19
 -4.810706 18  20
 -4.764733 18  21
 -4.703835 18  22
 -4.630263 18  23
 -4.533074 18  24
 -4.423875 18  25
 -4.333782 18  26
 -4.311653 18  27
 -4.313373 18  28
 -4.267671 18  29
 -4.194945 18  30
 -4.155492 18  31
 -4.143347 18  32
 -4.080300 18  33
 -3.958170 18  34
 -3.865796 18  35
 -3.804836 18  36
 -3.745995 18  37
 -3.772903 18  38
 -3.844056 18  39
 -3.833006 18  40
 -3.761033 18  41
 -3.730728 18  42
 -3.699475 18  43
 -3.620226 18  44
 -3.640635 18  45
 -3.616783 18  46
 -3.448161 18  47
 -3.317540 18  48
 -3.199176 18  49
 -3.100194 18  50
 -3.145399 18  51
 -3.123052 18  52
 -2.859557 18  53
 -2.600863 18  54
 -2.552073 18  55
 -2.500779 18  56
 -2.468691 18  57
 -2.500779 18  58
 -2.490197 18  59
 -2.389554 18  60
 -2.105786 18  61
 -1.858925 18  62
 -1.838723 18  63
 -1.838723 18  64
 -1.731092 18  65
 -1.443410 18  66
 -1.165778 18  67
 -0.942635 18  68
 -0.991425 18  69
 -1.279107 18  70
 -1.348100 18  71
 -0.991425 18  72
 -0.344798 18  73
 -0.026344 18  74
 -0.144127 18  75
 -0.249488 18  76
 -0.026344 18  77
  0.000000 18  78
  0.000000 18  79
  0.000000 18  80
  0.000000 18  81
  0.000000 18  82
  0.000000 18  83
  0.000000 18  84
  0.000000 18  85
  0.000000 18  86
  0.000000 18  87
  0.000000 18  88
  0.000000 18  89
  0.000000 18  90
  0.000000 18  91
  0.000000 18  92
  0.000000 18  93
  0.000000 18  94
  0.000000 18  95
  0.000000 18  96
  0.000000 18  97
  0.000000 18  98
  0.000000 18  99
  0.000000 18 100
 -7.674112 19   0
 -6.813656 19   1
 -6.106996 19   2
 -5.975674 19   3
 -5.882115 19   4
 -5.808325 19   5
 -5.738411 19   6
 -5.703408 19   7
 -5.695193 19   8
 -5.663061 19   9
 -5.609103 19  10
 -5.563501 19  11
 -5.523707 19  12
 -5.457944 19  13
 -5.373188 19  14
 -5.297346 19  15
 -5.248057 19  16
 -5.219986 19  17
 -5.161949 19  18
 -5.070293 19  19
 -5.000842 19  20
 -4.936899 19  21
 -4.865441 19  22
 -4.798219 19  23
 -4.713389 19  24
 -4.652392 19  25
 -4.616656 19  26
 -4.585347 19  27
 -4.547085 19  28
 -4.464692 19  29
 -4.397169 19  30
 -4.369088 19  31
 -4.339529 19  32
 -4.302173 19  33
 -4.241549 19  34
 -4.203328 19  35
 -4.201033 19  36
 -4.156407 19  37
 -4.103807 19  38
 -4.069469 19  39
 -4.022990 19  40
 -3.948953 19  41
 -3.786724 19  42
 -3.684320 19  43
 -3.698342 19  44
 -3.624818 19  45
 -3.507886 19  46
 -3.460855 19  47
 -3.428226 19  48
 -3.364903 19  49
 -3.274352 19  50
 -3.161874 19  51
 -3.056994 19  52
 -2.974344 19  53
 -2.912413 19  54
 -2.813206 19  55
 -2.782051 19  56
 -2.743337 19  57
 -2.511106 19  58
 -2.324626 19  59
 -2.219266 19  60
 -2.063261 19  61
 -1.975069 19  62
 -1.846590 19  63
 -1.641429 19  64
 -1.457126 19  65
 -1.370114 19  66
 -1.302975 19  67
 -0.996601 19  68
 -0.637227 19  69
 -0.460296 19  70
 -0.245185 19  71
  0.000000 19  72
  0.000000 19  73
  0.000000 19  74
 -0.022041 19  75
  0.000000 19  76
  0.000000 19  77
  0.000000 19  78
  0.000000 19  79
  0.000000 19  80
  0.000000 19  81
  0.000000 19  82
  0.000000 19  83
  0.000000 19  84
  0.000000 19  85
  0.000000 19  86
  0.000000 19  87
  0.000000 19  88
  0.000000 19  89
  0.000000 19  90
  0.000000 19  91
  0.000000 19  92
  0.000000 19  93
  0.000000 19  94
  0.000000 19  95
  0.000000 19  96
  0.000000 19  97
  0.000000 19  98
  0.000000 19  99
  0.000000 19 100
